 cc,digits, flatcharge, peak, offpeak, wknd, ratetype, zone
88299,88299,17.75,0,0,0,f,1
93,93,0.5,0,0,0,f,2
93,9376,0.5,0,0,0,f,3
93,9377,0.5,0,0,0,f,3
93,9370,0.5,0,0,0,f,4
93,9371,0.5,0,0,0,f,4
93,9372,0.5,0,0,0,f,5
93,9379,0.5,0,0,0,f,5
93,9375,0.5,0,0,0,f,6
93,9378,0.450000000000000011,0,0,0,f,7
1907,19070,0.100000000000000006,0,0,0,f,8
1907,19071,0.100000000000000006,0,0,0,f,8
1907,1907550,0.100000000000000006,0,0,0,f,8
1907,1907553,0.100000000000000006,0,0,0,f,8
1907,1907554,0.100000000000000006,0,0,0,f,8
1907,1907556,0.100000000000000006,0,0,0,f,8
1907,1907557,0.100000000000000006,0,0,0,f,8
1907,1907558,0.100000000000000006,0,0,0,f,8
1907,1907559,0.100000000000000006,0,0,0,f,8
355,355,0.400000000000000022,0,0,0,f,9
355,35521153,0.450000000000000011,0,0,0,f,10
355,35521160,0.450000000000000011,0,0,0,f,10
355,35521161,0.450000000000000011,0,0,0,f,10
355,35521250,0.450000000000000011,0,0,0,f,10
355,35521262,0.450000000000000011,0,0,0,f,10
355,35521340,0.450000000000000011,0,0,0,f,10
355,35521362,0.450000000000000011,0,0,0,f,10
355,35521440,0.450000000000000011,0,0,0,f,10
355,35521460,0.450000000000000011,0,0,0,f,10
355,35521540,0.450000000000000011,0,0,0,f,10
355,35521541,0.450000000000000011,0,0,0,f,10
355,35521542,0.450000000000000011,0,0,0,f,10
355,35521543,0.450000000000000011,0,0,0,f,10
355,35521544,0.450000000000000011,0,0,0,f,10
355,35521545,0.450000000000000011,0,0,0,f,10
355,3552155,0.450000000000000011,0,0,0,f,10
355,35521650,0.450000000000000011,0,0,0,f,10
355,35521651,0.450000000000000011,0,0,0,f,10
355,35521662,0.450000000000000011,0,0,0,f,10